-4.000000 -0.999400
-3.800000 -0.999000
-3.600000 -0.999600
-3.400000 -0.998800
-3.200000 -0.999400
-3.000000 -0.998200
-2.800000 -0.997400
-2.600000 -0.995800
-2.400000 -0.997200
-2.200000 -0.996200
-2.000000 -0.993800
-1.800000 -0.994000
-1.600000 -0.989600
-1.400000 -0.993600
-1.200000 -0.988400
-1.000000 -0.984000
-0.800000 -0.979200
-0.600000 -0.972800
-0.400000 -0.966400
-0.200000 -0.944600
0.000000 -0.917600
0.200000 0.856200
0.400000 0.967600
0.600000 0.974000
0.800000 0.976800
1.000000 0.981000
1.200000 0.987400
1.400000 0.990200
1.600000 0.990000
1.800000 0.994600
2.000000 0.994000
2.200000 0.997400
2.400000 0.996800
2.600000 0.996200
2.800000 0.998400
3.000000 0.998600
3.200000 0.997400
3.400000 0.999000
3.600000 0.998800
3.800000 0.999200
4.000000 0.999400
4.000000 0.999000
3.800000 0.999000
3.600000 0.999600
3.400000 0.998800
3.200000 0.998000
3.000000 0.998600
2.800000 0.997400
2.600000 0.995200
2.400000 0.995800
2.200000 0.995400
2.000000 0.995000
1.800000 0.993400
1.600000 0.991200
1.400000 0.991600
1.200000 0.987600
1.000000 0.984400
0.800000 0.983000
0.600000 0.971800
0.400000 0.963000
0.200000 0.946800
-0.000000 0.931200
-0.200000 -0.886000
-0.400000 -0.966000
-0.600000 -0.973000
-0.800000 -0.977200
-1.000000 -0.983600
-1.200000 -0.987200
-1.400000 -0.988200
-1.600000 -0.992400
-1.800000 -0.990600
-2.000000 -0.991600
-2.200000 -0.994400
-2.400000 -0.996800
-2.600000 -0.998800
-2.800000 -0.998200
-3.000000 -0.998600
-3.200000 -0.997800
-3.400000 -0.999400
-3.600000 -0.998800
-3.800000 -0.998400
-4.000000 -0.999400
