-3.000000 -1.000000
-2.900000 -1.000000
-2.800000 -1.000000
-2.700000 -1.000000
-2.600000 -1.000000
-2.500000 -1.000000
-2.400000 -1.000000
-2.300000 -1.000000
-2.200000 -1.000000
-2.100000 -1.000000
-2.000000 -1.000000
-1.900000 -1.000000
-1.800000 -1.000000
-1.700000 -1.000000
-1.600000 -1.000000
-1.500000 -1.000000
-1.400000 -1.000000
-1.300000 -1.000000
-1.200000 -1.000000
-1.100000 -1.000000
-1.000000 -1.000000
-0.900000 -0.999200
-0.800000 -0.999200
-0.700000 -1.000000
-0.600000 -1.000000
-0.500000 -1.000000
-0.400000 -0.998400
-0.300000 -1.000000
-0.200000 -0.999200
-0.100000 -0.998400
0.000000 -1.000000
0.100000 -0.999200
0.200000 -0.999200
0.300000 -0.999200
0.400000 -0.997600
0.500000 -0.998400
0.600000 -0.995200
0.700000 -0.995200
0.800000 -0.981600
0.900000 -0.929600
1.000000 -0.744800
1.100000 -0.124800
1.200000 0.595200
1.300000 0.993600
1.400000 1.000000
1.500000 1.000000
1.600000 1.000000
1.700000 1.000000
1.800000 1.000000
1.900000 1.000000
2.000000 1.000000
2.100000 1.000000
2.200000 1.000000
2.300000 1.000000
2.400000 1.000000
2.500000 1.000000
2.600000 1.000000
2.700000 1.000000
2.800000 1.000000
2.900000 1.000000
3.000000 1.000000
3.000000 1.000000
2.900000 1.000000
2.800000 1.000000
2.700000 1.000000
2.600000 1.000000
2.500000 1.000000
2.400000 1.000000
2.300000 1.000000
2.200000 1.000000
2.100000 1.000000
2.000000 1.000000
1.900000 1.000000
1.800000 1.000000
1.700000 1.000000
1.600000 1.000000
1.500000 1.000000
1.400000 1.000000
1.300000 1.000000
1.200000 1.000000
1.100000 1.000000
1.000000 1.000000
0.900000 1.000000
0.800000 1.000000
0.700000 1.000000
0.600000 1.000000
0.500000 1.000000
0.400000 1.000000
0.300000 1.000000
0.200000 1.000000
0.100000 1.000000
-0.000000 0.999200
-0.100000 0.998400
-0.200000 0.997600
-0.300000 0.999200
-0.400000 0.997600
-0.500000 0.996800
-0.600000 0.997600
-0.700000 0.996800
-0.800000 0.996000
-0.900000 0.986400
-1.000000 0.948800
-1.100000 0.700800
-1.200000 -0.131200
-1.300000 -0.908800
-1.400000 -1.000000
-1.500000 -1.000000
-1.600000 -0.999200
-1.700000 -1.000000
-1.800000 -1.000000
-1.900000 -1.000000
-2.000000 -1.000000
-2.100000 -1.000000
-2.200000 -1.000000
-2.300000 -1.000000
-2.400000 -1.000000
-2.500000 -1.000000
-2.600000 -1.000000
-2.700000 -1.000000
-2.800000 -1.000000
-2.900000 -1.000000
-3.000000 -1.000000
