1.000000 0.998800
1.100000 0.999400
1.200000 0.997200
1.300000 0.994200
1.400000 0.993000
1.500000 0.985200
1.600000 0.977200
1.700000 0.971000
1.800000 0.962800
1.900000 0.942800
2.000000 0.924000
2.100000 0.885400
2.200000 0.800600
2.300000 0.523200
2.400000 -0.120800
2.500000 0.137200
2.600000 0.051200
2.700000 0.016200
2.800000 0.016400
2.900000 0.049800
3.000000 0.019000
3.100000 -0.015600
3.200000 -0.010600
3.300000 0.010400
3.400000 0.005200
3.500000 -0.037600
3.600000 -0.017400
3.700000 0.022600
3.800000 -0.063000
3.900000 -0.004800
4.000000 -0.019000
4.000000 0.001400
3.900000 0.003600
3.800000 0.026200
3.700000 0.006000
3.600000 0.020600
3.500000 0.009800
3.400000 0.027000
3.300000 0.026000
3.200000 -0.013200
3.100000 -0.009000
3.000000 -0.013400
2.900000 0.005800
2.800000 -0.008600
2.700000 -0.110800
2.600000 0.039400
2.500000 0.037200
2.400000 0.145000
2.300000 0.275400
2.200000 0.108600
2.100000 0.121000
2.000000 -0.013600
1.900000 -0.098000
1.800000 0.034400
1.700000 0.235200
1.600000 0.379200
1.500000 0.363200
1.400000 0.233600
1.300000 0.479200
1.200000 0.470600
1.100000 0.444600
1.000000 0.579200
