1.000000 1.000000
1.200000 0.996800
1.400000 0.989600
1.600000 0.979200
1.800000 0.952000
2.000000 0.911200
2.200000 0.772800
2.400000 0.204800
2.600000 -0.263200
2.800000 0.067200
3.000000 0.051200
3.200000 -0.021600
3.400000 0.018400
3.600000 0.064000
3.800000 0.009600
4.000000 0.019200
4.000000 0.000800
3.800000 0.024800
3.600000 -0.028000
3.400000 0.011200
3.200000 -0.045600
3.000000 0.041600
2.800000 0.032800
2.600000 0.072800
2.400000 0.231200
2.200000 0.352800
2.000000 0.590400
1.800000 0.774400
1.600000 0.966400
1.400000 0.992800
1.200000 0.996000
1.000000 0.997600
