-3.000000 -0.997600
-2.800000 -0.997400
-2.600000 -0.996800
-2.400000 -0.996000
-2.200000 -0.996600
-2.000000 -0.992400
-1.800000 -0.993600
-1.600000 -0.991600
-1.400000 -0.988200
-1.200000 -0.986800
-1.000000 -0.984000
-0.800000 -0.981400
-0.600000 -0.975400
-0.400000 -0.962200
-0.200000 -0.941600
0.000000 -0.928600
0.200000 0.833200
0.400000 0.957200
0.600000 0.971800
0.800000 0.980000
1.000000 0.985200
1.200000 0.990200
1.400000 0.991200
1.600000 0.993000
1.800000 0.992400
2.000000 0.994600
2.200000 0.996800
2.400000 0.996800
2.600000 0.997800
2.800000 0.998800
3.000000 0.998000
3.000000 0.998800
2.800000 0.998000
2.600000 0.997600
2.400000 0.997000
2.200000 0.996000
2.000000 0.995600
1.800000 0.990800
1.600000 0.994000
1.400000 0.992400
1.200000 0.988000
1.000000 0.986400
0.800000 0.980000
0.600000 0.971400
0.400000 0.960000
0.200000 0.948000
-0.000000 0.914000
-0.200000 -0.869400
-0.400000 -0.966000
-0.600000 -0.971000
-0.800000 -0.980000
-1.000000 -0.982400
-1.200000 -0.989000
-1.400000 -0.988200
-1.600000 -0.993000
-1.800000 -0.994400
-2.000000 -0.996200
-2.200000 -0.994600
-2.400000 -0.996600
-2.600000 -0.998200
-2.800000 -0.998200
-3.000000 -0.998200
