-3.000000 -1.000000
-2.800000 -1.000000
-2.600000 -1.000000
-2.400000 -1.000000
-2.200000 -1.000000
-2.000000 -1.000000
-1.800000 -1.000000
-1.600000 -1.000000
-1.400000 -1.000000
-1.200000 -1.000000
-1.000000 -0.999800
-0.800000 -1.000000
-0.600000 -0.999600
-0.400000 -0.999800
-0.200000 -0.999800
0.000000 -0.999000
0.200000 -0.998600
0.400000 -0.997600
0.600000 -0.995000
0.800000 0.100800
1.000000 1.000000
1.200000 1.000000
1.400000 1.000000
1.600000 1.000000
1.800000 1.000000
2.000000 0.999800
2.200000 1.000000
2.400000 1.000000
2.600000 1.000000
2.800000 1.000000
3.000000 1.000000
3.000000 1.000000
2.800000 1.000000
2.600000 1.000000
2.400000 1.000000
2.200000 1.000000
2.000000 1.000000
1.800000 1.000000
1.600000 1.000000
1.400000 1.000000
1.200000 1.000000
1.000000 1.000000
0.800000 1.000000
0.600000 0.999800
0.400000 0.999000
0.200000 0.999800
-0.000000 0.999200
-0.200000 0.999400
-0.400000 0.997200
-0.600000 0.868400
-0.800000 -0.875400
-1.000000 -0.999600
-1.200000 -1.000000
-1.400000 -1.000000
-1.600000 -0.999800
-1.800000 -1.000000
-2.000000 -0.999800
-2.200000 -1.000000
-2.400000 -1.000000
-2.600000 -1.000000
-2.800000 -1.000000
-3.000000 -1.000000
