-3.000000 -0.991800
-2.800000 -0.988600
-2.600000 -0.985800
-2.400000 -0.989800
-2.200000 -0.985000
-2.000000 -0.980400
-1.800000 -0.977800
-1.600000 -0.970600
-1.400000 -0.967800
-1.200000 -0.961400
-1.000000 -0.944200
-0.800000 -0.938000
-0.600000 -0.917200
-0.400000 -0.896200
-0.200000 -0.803800
0.000000 -0.278400
0.200000 0.814400
0.400000 0.894600
0.600000 0.917000
0.800000 0.933000
1.000000 0.953800
1.200000 0.958400
1.400000 0.971600
1.600000 0.972000
1.800000 0.973800
2.000000 0.980000
2.200000 0.981400
2.400000 0.983000
2.600000 0.987600
2.800000 0.989400
3.000000 0.992800
3.000000 0.992800
2.800000 0.991200
2.600000 0.989600
2.400000 0.988400
2.200000 0.985800
2.000000 0.981400
1.800000 0.975600
1.600000 0.971800
1.400000 0.971400
1.200000 0.962000
1.000000 0.950000
0.800000 0.938000
0.600000 0.910000
0.400000 0.871200
0.200000 0.817200
-0.000000 0.156200
-0.200000 -0.804600
-0.400000 -0.889200
-0.600000 -0.920600
-0.800000 -0.937400
-1.000000 -0.942800
-1.200000 -0.963800
-1.400000 -0.968400
-1.600000 -0.969400
-1.800000 -0.979600
-2.000000 -0.982800
-2.200000 -0.988800
-2.400000 -0.986200
-2.600000 -0.989800
-2.800000 -0.990600
-3.000000 -0.992800
