1.000000 0.999600
1.100000 0.997800
1.200000 0.997400
1.300000 0.996000
1.400000 0.990800
1.500000 0.984800
1.600000 0.978400
1.700000 0.974400
1.800000 0.952800
1.900000 0.949600
2.000000 0.917200
2.100000 0.866200
2.200000 0.787000
2.300000 0.628400
2.400000 0.561800
2.500000 0.193400
2.600000 -0.010400
2.700000 0.040400
2.800000 0.037400
2.900000 0.019600
3.000000 0.021400
3.100000 0.022000
3.200000 -0.007000
3.300000 -0.029400
3.400000 -0.015200
3.500000 0.001800
3.600000 -0.014600
3.700000 -0.006400
3.800000 -0.011400
3.900000 0.012400
4.000000 -0.019600
4.000000 -0.044000
3.900000 0.031000
3.800000 0.027000
3.700000 0.031600
3.600000 0.026400
3.500000 -0.027000
3.400000 -0.006000
3.300000 0.071400
3.200000 -0.024800
3.100000 -0.036600
3.000000 -0.041400
2.900000 0.052000
2.800000 0.004400
2.700000 -0.013600
2.600000 0.026400
2.500000 -0.085600
2.400000 0.110000
2.300000 -0.002400
2.200000 -0.026400
2.100000 -0.058800
2.000000 -0.043800
1.900000 -0.021200
1.800000 -0.030000
1.700000 -0.058000
1.600000 -0.099200
1.500000 -0.063600
1.400000 -0.067800
1.300000 -0.040200
1.200000 -0.016800
1.100000 -0.027800
1.000000 -0.030800
