1.000000 0.997500
1.050000 0.998750
1.100000 0.992500
1.150000 1.000000
1.200000 0.991250
1.250000 0.997500
1.300000 0.988750
1.350000 0.992500
1.400000 0.983750
1.450000 0.983750
1.500000 0.978750
1.550000 0.987500
1.600000 0.972500
1.650000 0.968750
1.700000 0.971250
1.750000 0.973750
1.800000 0.948750
1.850000 0.946250
1.900000 0.933750
1.950000 0.941250
2.000000 0.916250
2.050000 0.915000
2.100000 0.883750
2.150000 0.875000
2.200000 0.802500
2.250000 0.806250
2.300000 0.703750
2.350000 0.590000
2.400000 0.403750
2.450000 0.193750
2.500000 -0.016250
2.550000 0.193750
2.600000 0.192500
2.650000 -0.137500
2.700000 -0.142500
2.750000 0.002500
2.800000 0.252500
2.850000 0.142500
2.900000 0.073750
2.950000 -0.032500
3.000000 0.071250
3.050000 -0.103750
3.100000 -0.111250
3.150000 -0.176250
3.200000 0.045000
3.250000 0.111250
3.300000 0.088750
3.350000 0.010000
3.400000 -0.021250
3.450000 -0.041250
3.500000 0.050000
3.550000 -0.073750
3.600000 0.016250
3.650000 -0.005000
3.700000 0.008750
3.750000 0.005000
3.800000 -0.022500
3.850000 -0.055000
3.900000 0.053750
3.950000 -0.036250
4.000000 -0.048750
4.000000 0.040000
3.950000 0.037500
3.900000 -0.091250
3.850000 -0.021250
3.800000 -0.041250
3.750000 -0.011250
3.700000 0.056250
3.650000 0.102500
3.600000 -0.161250
3.550000 -0.067500
3.500000 -0.001250
3.450000 -0.036250
3.400000 -0.106250
3.350000 0.046250
3.300000 -0.001250
3.250000 0.053750
3.200000 0.066250
3.150000 0.102500
3.100000 -0.018750
3.050000 -0.101250
3.000000 0.055000
2.950000 0.026250
2.900000 -0.061250
2.850000 -0.038750
2.800000 -0.048750
2.750000 -0.013750
2.700000 0.040000
2.650000 -0.142500
2.600000 -0.252500
2.550000 0.015000
2.500000 0.083750
2.450000 -0.195000
2.400000 -0.103750
2.350000 0.057500
2.300000 0.130000
2.250000 0.060000
2.200000 0.073750
2.150000 -0.180000
2.100000 -0.295000
2.050000 -0.445000
2.000000 -0.640000
1.950000 -0.652500
1.900000 -0.783750
1.850000 -0.913750
1.800000 -0.962500
1.750000 -0.968750
1.700000 -0.966250
1.650000 -0.977500
1.600000 -0.976250
1.550000 -0.993750
1.500000 -0.987500
1.450000 -0.991250
1.400000 -0.993750
1.350000 -0.996250
1.300000 -0.996250
1.250000 -0.996250
1.200000 -0.997500
1.150000 -0.997500
1.100000 -1.000000
1.050000 -1.000000
1.000000 -0.998750
