1.000000 0.998750
1.050000 1.000000
1.100000 0.998750
1.150000 1.000000
1.200000 0.995000
1.250000 0.997500
1.300000 0.997500
1.350000 0.990000
1.400000 0.982500
1.450000 0.988750
1.500000 0.981250
1.550000 0.986250
1.600000 0.983750
1.650000 0.981250
1.700000 0.971250
1.750000 0.968750
1.800000 0.965000
1.850000 0.973750
1.900000 0.926250
1.950000 0.908750
2.000000 0.918750
2.050000 0.897500
2.100000 0.872500
2.150000 0.876250
2.200000 0.792500
2.250000 0.746250
2.300000 0.610000
2.350000 0.221250
2.400000 -0.455000
2.450000 0.076250
2.500000 -0.286250
2.550000 -0.167500
2.600000 -0.197500
2.650000 0.002500
2.700000 -0.275000
2.750000 -0.303750
2.800000 0.053750
2.850000 0.070000
2.900000 -0.163750
2.950000 0.075000
3.000000 0.003750
3.050000 0.095000
3.100000 -0.003750
3.150000 -0.023750
3.200000 0.120000
3.250000 0.035000
3.300000 -0.026250
3.350000 -0.070000
3.400000 0.060000
3.450000 -0.011250
3.500000 0.086250
3.550000 0.081250
3.600000 0.121250
3.650000 -0.045000
3.700000 -0.058750
3.750000 -0.003750
3.800000 0.085000
3.850000 -0.016250
3.900000 0.077500
3.950000 -0.008750
4.000000 -0.055000
4.000000 0.095000
3.950000 0.008750
3.900000 -0.003750
3.850000 0.007500
3.800000 0.181250
3.750000 -0.075000
3.700000 -0.003750
3.650000 -0.018750
3.600000 0.045000
3.550000 0.020000
3.500000 0.025000
3.450000 0.058750
3.400000 -0.035000
3.350000 0.087500
3.300000 0.090000
3.250000 0.016250
3.200000 -0.056250
3.150000 0.062500
3.100000 -0.023750
3.050000 -0.070000
3.000000 0.085000
2.950000 0.050000
2.900000 -0.113750
2.850000 -0.081250
2.800000 -0.151250
2.750000 0.046250
2.700000 0.011250
2.650000 -0.160000
2.600000 -0.003750
2.550000 -0.221250
2.500000 0.253750
2.450000 0.161250
2.400000 0.043750
2.350000 0.102500
2.300000 -0.402500
2.250000 -0.793750
2.200000 -0.827500
2.150000 -0.897500
2.100000 -0.862500
2.050000 -0.886250
2.000000 -0.941250
1.950000 -0.905000
1.900000 -0.943750
1.850000 -0.933750
1.800000 -0.953750
1.750000 -0.963750
1.700000 -0.971250
1.650000 -0.977500
1.600000 -0.991250
1.550000 -0.985000
1.500000 -0.983750
1.450000 -0.987500
1.400000 -0.990000
1.350000 -0.992500
1.300000 -0.998750
1.250000 -1.000000
1.200000 -0.993750
1.150000 -0.997500
1.100000 -0.998750
1.050000 -0.998750
1.000000 -1.000000
