1.000000 1.000000
1.100000 1.000000
1.200000 1.000000
1.300000 0.980000
1.400000 1.000000
1.500000 1.000000
1.600000 0.960000
1.700000 0.980000
1.800000 0.980000
1.900000 0.980000
2.000000 1.000000
2.100000 0.880000
2.200000 0.440000
2.300000 -0.140000
2.400000 -0.520000
2.500000 -0.700000
2.600000 0.280000
2.700000 0.480000
2.800000 0.120000
2.900000 0.360000
3.000000 -0.140000
3.100000 -0.060000
3.200000 0.700000
3.300000 -0.160000
3.400000 0.120000
3.500000 -0.140000
3.600000 0.040000
3.700000 -0.320000
3.800000 0.160000
3.900000 0.180000
4.000000 0.180000
4.000000 0.020000
3.900000 0.080000
3.800000 -0.260000
3.700000 -0.120000
3.600000 0.340000
3.500000 0.060000
3.400000 0.040000
3.300000 -0.040000
3.200000 -0.220000
3.100000 -0.460000
3.000000 -0.080000
2.900000 -0.220000
2.800000 -0.200000
2.700000 -0.500000
2.600000 0.680000
2.500000 -0.740000
2.400000 0.640000
2.300000 0.380000
2.200000 0.840000
2.100000 0.960000
2.000000 0.960000
1.900000 0.920000
1.800000 0.980000
1.700000 0.960000
1.600000 0.960000
1.500000 0.980000
1.400000 1.000000
1.300000 0.960000
1.200000 1.000000
1.100000 1.000000
1.000000 1.000000
