1.000000 1.000000
1.100000 0.998400
1.200000 0.999200
1.300000 0.995200
1.400000 0.993600
1.500000 0.990400
1.600000 0.975200
1.700000 0.975200
1.800000 0.960000
1.900000 0.952800
2.000000 0.875200
2.100000 0.888800
2.200000 0.773600
2.300000 0.679200
2.400000 0.664800
2.500000 0.397600
2.600000 -0.015200
2.700000 0.197600
2.800000 -0.028000
2.900000 0.058400
3.000000 0.005600
3.100000 0.023200
3.200000 0.024000
3.300000 0.083200
3.400000 0.045600
3.500000 0.016800
3.600000 0.007200
3.700000 0.001600
3.800000 -0.035200
3.900000 -0.032800
4.000000 -0.005600
4.000000 0.031200
3.900000 0.025600
3.800000 0.028800
3.700000 0.016800
3.600000 0.035200
3.500000 0.040800
3.400000 -0.000800
3.300000 -0.122400
3.200000 0.072000
3.100000 -0.032000
3.000000 0.030400
2.900000 -0.075200
2.800000 -0.084800
2.700000 -0.085600
2.600000 0.020800
2.500000 0.119200
2.400000 0.061600
2.300000 0.311200
2.200000 0.733600
2.100000 0.796000
2.000000 0.876000
1.900000 0.921600
1.800000 0.949600
1.700000 0.981600
1.600000 0.980800
1.500000 0.992800
1.400000 0.990400
1.300000 0.989600
1.200000 0.996800
1.100000 0.999200
1.000000 0.999200
