1.000000 0.998400
1.100000 0.997600
1.200000 0.997600
1.300000 0.994400
1.400000 0.984800
1.500000 0.986400
1.600000 0.965600
1.700000 0.972000
1.800000 0.952000
1.900000 0.922400
2.000000 0.857600
2.100000 0.841600
2.200000 0.768800
2.300000 0.744000
2.400000 0.704800
2.500000 0.616000
2.600000 0.500800
2.700000 0.424800
2.800000 0.332000
2.900000 0.160000
3.000000 0.026400
3.100000 0.003200
3.200000 0.016000
3.300000 0.104000
3.400000 -0.012000
3.500000 0.040000
3.600000 0.019200
3.700000 0.024000
3.800000 0.015200
3.900000 -0.004800
4.000000 -0.081600
4.000000 -0.036800
3.900000 -0.049600
3.800000 0.015200
3.700000 -0.066400
3.600000 -0.058400
3.500000 0.042400
3.400000 0.011200
3.300000 0.036800
3.200000 0.060800
3.100000 0.028000
3.000000 -0.080800
2.900000 -0.044000
2.800000 -0.001600
2.700000 -0.023200
2.600000 -0.075200
2.500000 0.056800
2.400000 0.098400
2.300000 0.096800
2.200000 0.100000
2.100000 0.154400
2.000000 0.154400
1.900000 0.073600
1.800000 0.062400
1.700000 0.046400
1.600000 0.029600
1.500000 0.060000
1.400000 0.047200
1.300000 0.082400
1.200000 0.103200
1.100000 0.064800
1.000000 0.088800
