-3.000000 -0.996800
-2.900000 -0.996000
-2.800000 -0.999200
-2.700000 -0.998400
-2.600000 -0.998400
-2.500000 -0.998400
-2.400000 -0.997600
-2.300000 -0.997600
-2.200000 -0.996800
-2.100000 -0.997600
-2.000000 -0.996000
-1.900000 -0.991200
-1.800000 -0.994400
-1.700000 -0.988000
-1.600000 -0.996000
-1.500000 -0.991200
-1.400000 -0.991200
-1.300000 -0.991200
-1.200000 -0.989600
-1.100000 -0.984800
-1.000000 -0.979200
-0.900000 -0.982400
-0.800000 -0.981600
-0.700000 -0.975200
-0.600000 -0.974400
-0.500000 -0.956800
-0.400000 -0.969600
-0.300000 -0.947200
-0.200000 -0.957600
-0.100000 -0.937600
0.000000 -0.918400
0.100000 -0.901600
0.200000 -0.760000
0.300000 -0.518400
0.400000 0.228800
0.500000 0.865600
0.600000 0.980000
0.700000 0.972000
0.800000 0.976000
0.900000 0.978400
1.000000 0.987200
1.100000 0.980800
1.200000 0.986400
1.300000 0.992000
1.400000 0.988800
1.500000 0.994400
1.600000 0.994400
1.700000 0.992800
1.800000 0.995200
1.900000 0.997600
2.000000 0.992000
2.100000 0.995200
2.200000 0.992000
2.300000 0.999200
2.400000 0.995200
2.500000 0.995200
2.600000 0.996800
2.700000 0.996000
2.800000 0.999200
2.900000 0.996000
3.000000 0.996800
3.000000 0.998400
2.900000 0.998400
2.800000 0.998400
2.700000 0.998400
2.600000 0.998400
2.500000 0.996000
2.400000 0.998400
2.300000 0.995200
2.200000 0.994400
2.100000 0.994400
2.000000 0.996000
1.900000 0.996000
1.800000 0.996000
1.700000 0.992000
1.600000 0.991200
1.500000 0.992000
1.400000 0.988000
1.300000 0.992000
1.200000 0.985600
1.100000 0.979200
1.000000 0.988800
0.900000 0.980000
0.800000 0.975200
0.700000 0.972000
0.600000 0.962400
0.500000 0.972800
0.400000 0.966400
0.300000 0.963200
0.200000 0.938400
0.100000 0.954400
-0.000000 0.928000
-0.100000 0.916000
-0.200000 0.851200
-0.300000 0.600000
-0.400000 -0.086400
-0.500000 -0.792800
-0.600000 -0.967200
-0.700000 -0.978400
-0.800000 -0.976800
-0.900000 -0.978400
-1.000000 -0.993600
-1.100000 -0.990400
-1.200000 -0.991200
-1.300000 -0.985600
-1.400000 -0.986400
-1.500000 -0.993600
-1.600000 -0.991200
-1.700000 -0.996000
-1.800000 -0.993600
-1.900000 -0.991200
-2.000000 -0.996800
-2.100000 -0.996800
-2.200000 -0.996000
-2.300000 -0.996000
-2.400000 -0.998400
-2.500000 -0.995200
-2.600000 -0.996000
-2.700000 -0.995200
-2.800000 -0.997600
-2.900000 -0.999200
-3.000000 -0.999200
