-3.000000 -0.932800
-2.900000 -0.926400
-2.800000 -0.913600
-2.700000 -0.910400
-2.600000 -0.889600
-2.500000 -0.902400
-2.400000 -0.904800
-2.300000 -0.890400
-2.200000 -0.887200
-2.100000 -0.880000
-2.000000 -0.876800
-1.900000 -0.877600
-1.800000 -0.828800
-1.700000 -0.813600
-1.600000 -0.824800
-1.500000 -0.788800
-1.400000 -0.780800
-1.300000 -0.748800
-1.200000 -0.764800
-1.100000 -0.700000
-1.000000 -0.608800
-0.900000 -0.686400
-0.800000 -0.587200
-0.700000 -0.585600
-0.600000 -0.530400
-0.500000 -0.459200
-0.400000 -0.295200
-0.300000 -0.254400
-0.200000 -0.286400
-0.100000 -0.112800
0.000000 -0.004000
0.100000 0.012000
0.200000 0.252800
0.300000 0.256000
0.400000 0.336800
0.500000 0.450400
0.600000 0.503200
0.700000 0.595200
0.800000 0.631200
0.900000 0.677600
1.000000 0.685600
1.100000 0.705600
1.200000 0.762400
1.300000 0.756800
1.400000 0.758400
1.500000 0.788800
1.600000 0.827200
1.700000 0.806400
1.800000 0.845600
1.900000 0.831200
2.000000 0.882400
2.100000 0.863200
2.200000 0.872000
2.300000 0.878400
2.400000 0.896000
2.500000 0.910400
2.600000 0.923200
2.700000 0.921600
2.800000 0.913600
2.900000 0.928000
3.000000 0.936000
3.000000 0.920800
2.900000 0.930400
2.800000 0.919200
2.700000 0.912800
2.600000 0.900000
2.500000 0.895200
2.400000 0.912000
2.300000 0.881600
2.200000 0.877600
2.100000 0.854400
2.000000 0.854400
1.900000 0.851200
1.800000 0.837600
1.700000 0.831200
1.600000 0.784000
1.500000 0.790400
1.400000 0.769600
1.300000 0.748800
1.200000 0.710400
1.100000 0.685600
1.000000 0.705600
0.900000 0.640000
0.800000 0.634400
0.700000 0.584000
0.600000 0.537600
0.500000 0.415200
0.400000 0.344800
0.300000 0.351200
0.200000 0.185600
0.100000 0.094400
-0.000000 0.050400
-0.100000 -0.084800
-0.200000 -0.168800
-0.300000 -0.293600
-0.400000 -0.370400
-0.500000 -0.477600
-0.600000 -0.561600
-0.700000 -0.531200
-0.800000 -0.601600
-0.900000 -0.650400
-1.000000 -0.721600
-1.100000 -0.707200
-1.200000 -0.728800
-1.300000 -0.743200
-1.400000 -0.746400
-1.500000 -0.794400
-1.600000 -0.831200
-1.700000 -0.828000
-1.800000 -0.828000
-1.900000 -0.868800
-2.000000 -0.863200
-2.100000 -0.860000
-2.200000 -0.893600
-2.300000 -0.886400
-2.400000 -0.884000
-2.500000 -0.899200
-2.600000 -0.904000
-2.700000 -0.929600
-2.800000 -0.922400
-2.900000 -0.927200
-3.000000 -0.939200
