1.000000 1.000000
1.200000 0.995200
1.400000 0.994400
1.600000 0.986400
1.800000 0.953600
2.000000 0.911200
2.200000 0.826400
2.400000 0.631200
2.600000 -0.062400
2.800000 0.092800
3.000000 0.044800
3.200000 -0.038400
3.400000 0.008800
3.600000 0.056000
3.800000 0.015200
4.000000 -0.043200
4.000000 -0.004000
3.800000 0.028800
3.600000 -0.036800
3.400000 0.048000
3.200000 -0.044000
3.000000 0.068800
2.800000 -0.107200
2.600000 -0.213600
2.400000 -0.193600
2.200000 -0.453600
2.000000 -0.821600
1.800000 -0.956800
1.600000 -0.980000
1.400000 -0.993600
1.200000 -0.998400
1.000000 -1.000000
