1.000000 1.000000
1.100000 0.999200
1.200000 0.997600
1.300000 0.996800
1.400000 0.994400
1.500000 0.988000
1.600000 0.983200
1.700000 0.965600
1.800000 0.960800
1.900000 0.931200
2.000000 0.923200
2.100000 0.888000
2.200000 0.687200
2.300000 0.612000
2.400000 0.260000
2.500000 -0.084800
2.600000 -0.040800
2.700000 -0.026400
2.800000 0.165600
2.900000 -0.048000
3.000000 0.013600
3.100000 0.042400
3.200000 0.075200
3.300000 0.048000
3.400000 0.012000
3.500000 0.008800
3.600000 0.005600
3.700000 0.048800
3.800000 0.009600
3.900000 0.000000
4.000000 -0.054400
4.000000 -0.010400
3.900000 -0.042400
3.800000 0.049600
3.700000 -0.032800
3.600000 0.019200
3.500000 0.000000
3.400000 0.012000
3.300000 0.048800
3.200000 -0.003200
3.100000 0.015200
3.000000 0.150400
2.900000 0.007200
2.800000 0.251200
2.700000 0.136000
2.600000 -0.000800
2.500000 -0.060000
2.400000 0.153600
2.300000 0.467200
2.200000 0.771200
2.100000 0.896800
2.000000 0.854400
1.900000 0.955200
1.800000 0.961600
1.700000 0.977600
1.600000 0.982400
1.500000 0.992000
1.400000 0.985600
1.300000 0.992000
1.200000 0.991200
1.100000 0.997600
1.000000 0.999200
