1.000000 0.996800
1.200000 0.996800
1.400000 0.994400
1.600000 0.978400
1.800000 0.953600
2.000000 0.916000
2.200000 0.785600
2.400000 0.392800
2.600000 0.090400
2.800000 0.039200
3.000000 0.008800
3.200000 0.012000
3.400000 0.060800
3.600000 -0.056000
3.800000 0.025600
4.000000 -0.012000
4.000000 -0.030400
3.800000 0.023200
3.600000 0.043200
3.400000 0.030400
3.200000 -0.030400
3.000000 -0.009600
2.800000 -0.064800
2.600000 -0.232800
2.400000 -0.052000
2.200000 0.001600
2.000000 0.101600
1.800000 0.108800
1.600000 0.127200
1.400000 0.048000
1.200000 0.123200
1.000000 0.189600
