1.000000 1.000000
1.100000 1.000000
1.200000 0.997778
1.300000 1.000000
1.400000 0.991111
1.500000 0.991111
1.600000 0.991111
1.700000 0.973333
1.800000 0.962222
1.900000 0.926667
2.000000 0.942222
2.100000 0.913333
2.200000 0.388889
2.300000 0.642222
2.400000 -0.382222
2.500000 0.180000
2.600000 0.353333
2.700000 -0.028889
2.800000 -0.206667
2.900000 -0.128889
3.000000 -0.200000
3.100000 0.128889
3.200000 0.126667
3.300000 -0.088889
3.400000 -0.073333
3.500000 0.013333
3.600000 -0.024444
3.700000 -0.068889
3.800000 -0.062222
3.900000 0.004444
4.000000 0.044444
4.000000 0.111111
3.900000 -0.006667
3.800000 -0.013333
3.700000 0.028889
3.600000 0.068889
3.500000 0.108889
3.400000 -0.146667
3.300000 0.000000
3.200000 0.226667
3.100000 -0.013333
3.000000 0.106667
2.900000 0.040000
2.800000 -0.300000
2.700000 0.171111
2.600000 -0.284444
2.500000 0.295556
2.400000 0.080000
2.300000 -0.662222
2.200000 -0.686667
2.100000 -0.880000
2.000000 -0.940000
1.900000 -0.937778
1.800000 -0.935556
1.700000 -0.948889
1.600000 -0.993333
1.500000 -0.993333
1.400000 -0.988889
1.300000 -0.997778
1.200000 -0.997778
1.100000 -0.995556
1.000000 -0.997778
