1.000000 0.998750
1.050000 1.000000
1.100000 1.000000
1.150000 1.000000
1.200000 0.998750
1.250000 0.996250
1.300000 0.995000
1.350000 0.996250
1.400000 0.993750
1.450000 0.986250
1.500000 0.988750
1.550000 0.978750
1.600000 0.978750
1.650000 0.983750
1.700000 0.957500
1.750000 0.976250
1.800000 0.942500
1.850000 0.956250
1.900000 0.933750
1.950000 0.942500
2.000000 0.861250
2.050000 0.888750
2.100000 0.897500
2.150000 0.872500
2.200000 0.825000
2.250000 0.811250
2.300000 0.736250
2.350000 0.667500
2.400000 0.645000
2.450000 0.546250
2.500000 0.488750
2.550000 0.455000
2.600000 0.351250
2.650000 0.305000
2.700000 0.183750
2.750000 0.275000
2.800000 0.133750
2.850000 -0.052500
2.900000 -0.007500
2.950000 0.100000
3.000000 0.068750
3.050000 0.191250
3.100000 0.025000
3.150000 -0.017500
3.200000 0.005000
3.250000 0.028750
3.300000 0.037500
3.350000 0.008750
3.400000 -0.001250
3.450000 0.193750
3.500000 -0.045000
3.550000 0.007500
3.600000 0.021250
3.650000 0.055000
3.700000 0.003750
3.750000 0.091250
3.800000 -0.022500
3.850000 0.081250
3.900000 -0.051250
3.950000 0.036250
4.000000 -0.056250
4.000000 -0.017500
3.950000 -0.015000
3.900000 -0.018750
3.850000 0.033750
3.800000 -0.025000
3.750000 0.011250
3.700000 0.021250
3.650000 0.000000
3.600000 0.002500
3.550000 -0.041250
3.500000 0.090000
3.450000 0.075000
3.400000 0.030000
3.350000 0.033750
3.300000 0.120000
3.250000 -0.055000
3.200000 0.071250
3.150000 0.026250
3.100000 -0.002500
3.050000 0.112500
3.000000 0.088750
2.950000 0.113750
2.900000 0.010000
2.850000 -0.058750
2.800000 0.013750
2.750000 -0.025000
2.700000 -0.086250
2.650000 0.050000
2.600000 0.081250
2.550000 0.177500
2.500000 0.141250
2.450000 0.093750
2.400000 0.250000
2.350000 0.163750
2.300000 0.215000
2.250000 0.160000
2.200000 0.280000
2.150000 0.275000
2.100000 0.260000
2.050000 0.253750
2.000000 0.327500
1.950000 0.366250
1.900000 0.298750
1.850000 0.275000
1.800000 0.292500
1.750000 0.330000
1.700000 0.346250
1.650000 0.370000
1.600000 0.491250
1.550000 0.506250
1.500000 0.502500
1.450000 0.532500
1.400000 0.540000
1.350000 0.528750
1.300000 0.562500
1.250000 0.577500
1.200000 0.640000
1.150000 0.678750
1.100000 0.693750
1.050000 0.727500
1.000000 0.815000
