1.000000 0.999200
1.020000 0.999200
1.040000 0.999200
1.060000 0.999200
1.080000 1.000000
1.100000 0.998400
1.120000 0.997600
1.140000 0.998400
1.160000 0.997600
1.180000 0.997600
1.200000 0.995200
1.220000 0.997600
1.240000 0.993600
1.260000 0.994400
1.280000 0.997600
1.300000 0.998400
1.320000 0.996000
1.340000 0.992800
1.360000 0.993600
1.380000 0.995200
1.400000 0.992800
1.420000 0.988000
1.440000 0.993600
1.460000 0.993600
1.480000 0.988000
1.500000 0.983200
1.520000 0.986400
1.540000 0.985600
1.560000 0.972000
1.580000 0.971200
1.600000 0.983200
1.620000 0.969600
1.640000 0.973600
1.660000 0.973600
1.680000 0.972000
1.700000 0.966400
1.720000 0.972000
1.740000 0.967200
1.760000 0.964800
1.780000 0.948800
1.800000 0.964000
1.820000 0.949600
1.840000 0.957600
1.860000 0.931200
1.880000 0.940800
1.900000 0.944800
1.920000 0.956000
1.940000 0.894400
1.960000 0.948000
1.980000 0.919200
2.000000 0.901600
2.020000 0.892000
2.040000 0.898400
2.060000 0.886400
2.080000 0.880000
2.100000 0.885600
2.120000 0.893600
2.140000 0.831200
2.160000 0.852800
2.180000 0.853600
2.200000 0.812800
2.220000 0.724800
2.240000 0.280000
2.260000 0.733600
2.280000 0.672800
2.300000 0.674400
2.320000 0.166400
2.340000 -0.132000
2.360000 0.057600
2.380000 -0.271200
2.400000 0.092800
2.420000 -0.156000
2.440000 -0.288800
2.460000 -0.144000
2.480000 0.010400
2.500000 0.103200
2.520000 0.173600
2.540000 -0.057600
2.560000 -0.112000
2.580000 -0.114400
2.600000 -0.140000
2.620000 -0.116000
2.640000 -0.004800
2.660000 -0.035200
2.680000 -0.139200
2.700000 -0.032000
2.720000 0.101600
2.740000 0.002400
2.760000 0.080800
2.780000 -0.055200
2.800000 0.028000
2.820000 -0.057600
2.840000 -0.133600
2.860000 0.056000
2.880000 -0.002400
2.900000 -0.017600
2.920000 -0.053600
2.940000 -0.040000
2.960000 0.033600
2.980000 -0.003200
3.000000 0.064000
3.020000 0.041600
3.040000 -0.102400
3.060000 -0.049600
3.080000 0.020800
3.100000 0.149600
3.120000 -0.056800
3.140000 -0.006400
3.160000 0.000800
3.180000 0.060000
3.200000 -0.116000
3.220000 0.039200
3.240000 0.030400
3.260000 -0.024000
3.280000 0.029600
3.300000 0.055200
3.320000 -0.033600
3.340000 0.042400
3.360000 -0.100800
3.380000 0.088800
3.400000 -0.079200
3.420000 -0.030400
3.440000 -0.044000
3.460000 -0.032800
3.480000 -0.032000
3.500000 0.004000
3.520000 0.052800
3.540000 0.039200
3.560000 0.019200
3.580000 -0.026400
3.600000 0.010400
3.620000 -0.046400
3.640000 -0.053600
3.660000 -0.012000
3.680000 -0.060800
3.700000 0.033600
3.720000 0.008000
3.740000 -0.075200
3.760000 0.031200
3.780000 -0.065600
3.800000 -0.066400
3.820000 0.010400
3.840000 0.048800
3.860000 0.086400
3.880000 0.001600
3.900000 0.040000
3.920000 0.060000
3.940000 -0.047200
3.960000 0.035200
3.980000 -0.034400
4.000000 0.053600
4.000000 -0.000800
3.980000 0.021600
3.960000 -0.056800
3.940000 -0.060000
3.920000 0.012000
3.900000 0.027200
3.880000 0.016000
3.860000 0.000800
3.840000 -0.034400
3.820000 -0.036000
3.800000 0.000000
3.780000 -0.049600
3.760000 -0.061600
3.740000 0.032800
3.720000 -0.047200
3.700000 -0.039200
3.680000 0.016000
3.660000 -0.023200
3.640000 0.008800
3.620000 0.031200
3.600000 -0.027200
3.580000 0.067200
3.560000 -0.008800
3.540000 -0.051200
3.520000 -0.004000
3.500000 0.104800
3.480000 -0.000800
3.460000 0.019200
3.440000 0.132800
3.420000 -0.096000
3.400000 0.098400
3.380000 -0.028000
3.360000 0.028800
3.340000 -0.146400
3.320000 0.049600
3.300000 -0.012800
3.280000 -0.011200
3.260000 0.076800
3.240000 -0.060000
3.220000 0.022400
3.200000 -0.075200
3.180000 -0.108000
3.160000 0.045600
3.140000 -0.057600
3.120000 -0.045600
3.100000 -0.042400
3.080000 0.028000
3.060000 0.008800
3.040000 0.138400
3.020000 0.110400
3.000000 -0.091200
2.980000 0.020000
2.960000 -0.061600
2.940000 -0.029600
2.920000 0.034400
2.900000 -0.004800
2.880000 -0.088800
2.860000 -0.003200
2.840000 0.172000
2.820000 -0.042400
2.800000 -0.008000
2.780000 -0.070400
2.760000 -0.010400
2.740000 0.026400
2.720000 0.092000
2.700000 0.068000
2.680000 0.140800
2.660000 0.045600
2.640000 0.080000
2.620000 -0.004800
2.600000 0.229600
2.580000 -0.044000
2.560000 -0.214400
2.540000 0.073600
2.520000 0.227200
2.500000 0.077600
2.480000 -0.049600
2.460000 0.188800
2.440000 0.120000
2.420000 0.264000
2.400000 0.216800
2.380000 -0.006400
2.360000 0.317600
2.340000 0.565600
2.320000 0.619200
2.300000 0.778400
2.280000 0.797600
2.260000 0.807200
2.240000 0.793600
2.220000 0.826400
2.200000 0.809600
2.180000 0.843200
2.160000 0.802400
2.140000 0.871200
2.120000 0.888000
2.100000 0.812000
2.080000 0.875200
2.060000 0.883200
2.040000 0.879200
2.020000 0.896000
2.000000 0.927200
1.980000 0.950400
1.960000 0.944800
1.940000 0.936800
1.920000 0.952000
1.900000 0.935200
1.880000 0.948800
1.860000 0.953600
1.840000 0.958400
1.820000 0.965600
1.800000 0.959200
1.780000 0.952000
1.760000 0.944800
1.740000 0.970400
1.720000 0.965600
1.700000 0.971200
1.680000 0.980800
1.660000 0.976800
1.640000 0.981600
1.620000 0.980800
1.600000 0.971200
1.580000 0.984800
1.560000 0.979200
1.540000 0.976000
1.520000 0.990400
1.500000 0.986400
1.480000 0.982400
1.460000 0.988000
1.440000 0.997600
1.420000 0.990400
1.400000 0.984000
1.380000 0.992800
1.360000 0.989600
1.340000 0.992000
1.320000 0.988800
1.300000 0.996800
1.280000 0.995200
1.260000 0.992000
1.240000 0.996800
1.220000 0.993600
1.200000 1.000000
1.180000 0.998400
1.160000 0.997600
1.140000 0.999200
1.120000 1.000000
1.100000 0.997600
1.080000 1.000000
1.060000 0.997600
1.040000 0.997600
1.020000 1.000000
1.000000 0.999200
