 # H    M
 -3.0000   -1.001000
 -2.9500   -1.001000
 -2.9000   -1.001000
 -2.8500   -1.001000
 -2.8000   -1.001000
 -2.7500   -1.001000
 -2.7000   -1.001000
 -2.6500   -1.001000
 -2.6000   -1.001000
 -2.5500   -1.001000
 -2.5000   -1.001000
 -2.4500   -1.001000
 -2.4000   -1.001000
 -2.3500   -1.001000
 -2.3000   -1.001000
 -2.2500   -1.001000
 -2.2000   -1.001000
 -2.1500   -1.001000
 -2.1000   -1.001000
 -2.0500   -1.001000
 -2.0000   -1.001000
 -1.9500   -1.001000
 -1.9000   -1.001000
 -1.8500   -1.001000
 -1.8000   -1.001000
 -1.7500   -1.001000
 -1.7000   -1.001000
 -1.6500   -1.001000
 -1.6000   -1.001000
 -1.5500   -1.001000
 -1.5000   -1.001000
 -1.4500   -1.001000
 -1.4000   -1.001000
 -1.3500   -1.001000
 -1.3000   -1.001000
 -1.2500   -1.001000
 -1.2000   -1.001000
 -1.1500   -1.001000
 -1.1000   -1.001000
 -1.0500   -1.001000
 -1.0000   -1.001000
 -0.9500   -1.001000
 -0.9000   -1.001000
 -0.8500   -1.001000
 -0.8000   -1.001000
 -0.7500   -1.001000
 -0.7000   -1.001000
 -0.6500   -1.001000
 -0.6000   -1.001000
 -0.5500   -1.001000
 -0.5000   -1.001000
 -0.4500   -1.001000
 -0.4000   -1.001000
 -0.3500   -1.001000
 -0.3000   -1.001000
 -0.2500   -1.001000
 -0.2000   -1.001000
 -0.1500   -1.001000
 -0.1000   -1.001000
 -0.0500   -1.001000
  0.0000   -1.001000
  0.0500   -1.001000
  0.1000   -1.001000
  0.1500   -1.000999
  0.2000   -1.000999
  0.2500   -1.001000
  0.3000   -1.001000
  0.3500   -1.001000
  0.4000   -1.000999
  0.4500   -1.000999
  0.5000   -1.000998
  0.5500   -1.000996
  0.6000   -1.000998
  0.6500   -1.000997
  0.7000   -1.000997
  0.7500   -1.000996
  0.8000   -1.000993
  0.8500   -1.000992
  0.9000   -1.000991
  0.9500   -1.000990
  1.0000   -1.000986
  1.0500   -1.000986
  1.1000   -1.000980
  1.1500   -1.000974
  1.2000    0.483814
  1.2500    1.001000
  1.3000    1.001000
  1.3500    1.001000
  1.4000    1.001000
  1.4500    1.001000
  1.5000    1.001000
  1.5500    1.001000
  1.6000    1.001000
  1.6500    1.001000
  1.7000    1.001000
  1.7500    1.001000
  1.8000    1.001000
  1.8500    1.001000
  1.9000    1.001000
  1.9500    1.001000
  2.0000    1.001000
  2.0500    1.001000
  2.1000    1.001000
  2.1500    1.001000
  2.2000    1.001000
  2.2500    1.001000
  2.3000    1.001000
  2.3500    1.001000
  2.4000    1.001000
  2.4500    1.001000
  2.5000    1.001000
  2.5500    1.001000
  2.6000    1.001000
  2.6500    1.001000
  2.7000    1.001000
  2.7500    1.001000
  2.8000    1.001000
  2.8500    1.001000
  2.9000    1.001000
  2.9500    1.001000
  3.0000    1.001000
  2.9500    1.001000
  2.9000    1.001000
  2.8500    1.001000
  2.8000    1.001000
  2.7500    1.001000
  2.7000    1.001000
  2.6500    1.001000
  2.6000    1.001000
  2.5500    1.001000
  2.5000    1.001000
  2.4500    1.001000
  2.4000    1.001000
  2.3500    1.001000
  2.3000    1.001000
  2.2500    1.001000
  2.2000    1.001000
  2.1500    1.001000
  2.1000    1.001000
  2.0500    1.001000
  2.0000    1.001000
  1.9500    1.001000
  1.9000    1.001000
  1.8500    1.001000
  1.8000    1.001000
  1.7500    1.001000
  1.7000    1.001000
  1.6500    1.001000
  1.6000    1.001000
  1.5500    1.001000
  1.5000    1.001000
  1.4500    1.001000
  1.4000    1.001000
  1.3500    1.001000
  1.3000    1.001000
  1.2500    1.001000
  1.2000    1.001000
  1.1500    1.001000
  1.1000    1.001000
  1.0500    1.001000
  1.0000    1.001000
  0.9500    1.001000
  0.9000    1.001000
  0.8500    1.001000
  0.8000    1.001000
  0.7500    1.001000
  0.7000    1.001000
  0.6500    1.001000
  0.6000    1.001000
  0.5500    1.001000
  0.5000    1.001000
  0.4500    1.001000
  0.4000    1.001000
  0.3500    1.001000
  0.3000    1.001000
  0.2500    1.001000
  0.2000    1.001000
  0.1500    1.001000
  0.1000    1.001000
  0.0500    1.000999
  0.0000    1.001000
 -0.0500    1.001000
 -0.1000    1.001000
 -0.1500    1.001000
 -0.2000    1.001000
 -0.2500    1.000999
 -0.3000    1.000999
 -0.3500    1.000999
 -0.4000    1.000999
 -0.4500    1.000998
 -0.5000    1.000999
 -0.5500    1.000998
 -0.6000    1.000998
 -0.6500    1.000996
 -0.7000    1.000997
 -0.7500    1.000995
 -0.8000    1.000995
 -0.8500    1.000993
 -0.9000    1.000990
 -0.9500    1.000990
 -1.0000    1.000987
 -1.0500    0.856668
 -1.1000   -1.001000
 -1.1500   -1.001000
 -1.2000   -1.001000
 -1.2500   -1.001000
 -1.3000   -1.001000
 -1.3500   -1.001000
 -1.4000   -1.001000
 -1.4500   -1.001000
 -1.5000   -1.001000
 -1.5500   -1.001000
 -1.6000   -1.001000
 -1.6500   -1.001000
 -1.7000   -1.001000
 -1.7500   -1.001000
 -1.8000   -1.001000
 -1.8500   -1.001000
 -1.9000   -1.001000
 -1.9500   -1.001000
 -2.0000   -1.001000
 -2.0500   -1.001000
 -2.1000   -1.001000
 -2.1500   -1.001000
 -2.2000   -1.001000
 -2.2500   -1.001000
 -2.3000   -1.001000
 -2.3500   -1.001000
 -2.4000   -1.001000
 -2.4500   -1.001000
 -2.5000   -1.001000
 -2.5500   -1.001000
 -2.6000   -1.001000
 -2.6500   -1.001000
 -2.7000   -1.001000
 -2.7500   -1.001000
 -2.8000   -1.001000
 -2.8500   -1.001000
 -2.9000   -1.001000
 -2.9500   -1.001000
 -3.0000   -1.001000
