 # H    M
 -3.0000   -1.001000
 -2.5000   -1.001000
 -2.0000   -1.001000
 -1.5000   -1.001000
 -1.0000   -1.001000
 -0.5000   -1.001000
  0.0000   -1.001000
  0.5000   -1.000999
  1.0000   -1.000986
  1.5000    0.908512
  2.0000    1.001000
  2.5000    1.001000
  3.0000    1.001000
  2.5000    1.001000
  2.0000    1.001000
  1.5000    1.001000
  1.0000    1.001000
  0.5000    1.001000
  0.0000    1.001000
 -0.5000    1.000998
 -1.0000    1.000990
 -1.5000   -0.869091
 -2.0000   -1.001000
 -2.5000   -1.001000
 -3.0000   -1.001000
